4.79582e-05 9.48451e-05 0.000139613 0.000181263 0.000218863 0.000251574 0.000278666 0.000299533 0.000313708 0.000320876 0.000320876 0.000313708 0.000299533 0.000278666 0.000251574 0.000218863 0.000181263 0.000139613 9.48451e-05 4.79582e-05 9.48451e-05 0.000187571 0.000276108 0.000358476 0.000432837 0.000497529 0.000551107 0.000592374 0.000620409 0.000634584 0.000634584 0.000620409 0.000592374 0.000551107 0.000497529 0.000432837 0.000358476 0.000276108 0.000187571 9.48451e-05 0.000139613 0.000276108 0.000406435 0.000527682 0.000637142 0.00073237 0.000811237 0.000871983 0.00091325 0.000934117 0.000934117 0.00091325 0.000871983 0.000811237 0.00073237 0.000637142 0.000527682 0.000406435 0.000276108 0.000139613 0.000181263 0.000358476 0.000527682 0.000685101 0.000827215 0.000950851 0.00105325 0.00113211 0.00118569 0.00121278 0.00121278 0.00118569 0.00113211 0.00105325 0.000950851 0.000827215 0.000685101 0.000527682 0.000358476 0.000181263 0.000218863 0.000432837 0.000637142 0.000827215 0.000998809 0.00114809 0.00127173 0.00136695 0.00143165 0.00146436 0.00146436 0.00143165 0.00136695 0.00127173 0.00114809 0.000998809 0.000827215 0.000637142 0.000432837 0.000218863 0.000251574 0.000497529 0.00073237 0.000950851 0.00114809 0.00131968 0.0014618 0.00157126 0.00164562 0.00168322 0.00168322 0.00164562 0.00157126 0.0014618 0.00131968 0.00114809 0.000950851 0.00073237 0.000497529 0.000251574 0.000278666 0.000551107 0.000811237 0.00105325 0.00127173 0.0014618 0.00161922 0.00174047 0.00182283 0.00186448 0.00186448 0.00182283 0.00174047 0.00161922 0.0014618 0.00127173 0.00105325 0.000811237 0.000551107 0.000278666 0.000299533 0.000592374 0.000871983 0.00113211 0.00136695 0.00157126 0.00174047 0.00187079 0.00195933 0.0020041 0.0020041 0.00195933 0.00187079 0.00174047 0.00157126 0.00136695 0.00113211 0.000871983 0.000592374 0.000299533 0.000313708 0.000620409 0.00091325 0.00118569 0.00143165 0.00164562 0.00182283 0.00195933 0.00205205 0.00209894 0.00209894 0.00205205 0.00195933 0.00182283 0.00164562 0.00143165 0.00118569 0.00091325 0.000620409 0.000313708 0.000320876 0.000634584 0.000934117 0.00121278 0.00146436 0.00168322 0.00186448 0.0020041 0.00209894 0.0021469 0.0021469 0.00209894 0.0020041 0.00186448 0.00168322 0.00146436 0.00121278 0.000934117 0.000634584 0.000320876 0.000320876 0.000634584 0.000934117 0.00121278 0.00146436 0.00168322 0.00186448 0.0020041 0.00209894 0.0021469 0.0021469 0.00209894 0.0020041 0.00186448 0.00168322 0.00146436 0.00121278 0.000934117 0.000634584 0.000320876 0.000313708 0.000620409 0.00091325 0.00118569 0.00143165 0.00164562 0.00182283 0.00195933 0.00205205 0.00209894 0.00209894 0.00205205 0.00195933 0.00182283 0.00164562 0.00143165 0.00118569 0.00091325 0.000620409 0.000313708 0.000299533 0.000592374 0.000871983 0.00113211 0.00136695 0.00157126 0.00174047 0.00187079 0.00195933 0.0020041 0.0020041 0.00195933 0.00187079 0.00174047 0.00157126 0.00136695 0.00113211 0.000871983 0.000592374 0.000299533 0.000278666 0.000551107 0.000811237 0.00105325 0.00127173 0.0014618 0.00161922 0.00174047 0.00182283 0.00186448 0.00186448 0.00182283 0.00174047 0.00161922 0.0014618 0.00127173 0.00105325 0.000811237 0.000551107 0.000278666 0.000251574 0.000497529 0.00073237 0.000950851 0.00114809 0.00131968 0.0014618 0.00157126 0.00164562 0.00168322 0.00168322 0.00164562 0.00157126 0.0014618 0.00131968 0.00114809 0.000950851 0.00073237 0.000497529 0.000251574 0.000218863 0.000432837 0.000637142 0.000827215 0.000998809 0.00114809 0.00127173 0.00136695 0.00143165 0.00146436 0.00146436 0.00143165 0.00136695 0.00127173 0.00114809 0.000998809 0.000827215 0.000637142 0.000432837 0.000218863 0.000181263 0.000358476 0.000527682 0.000685101 0.000827215 0.000950851 0.00105325 0.00113211 0.00118569 0.00121278 0.00121278 0.00118569 0.00113211 0.00105325 0.000950851 0.000827215 0.000685101 0.000527682 0.000358476 0.000181263 0.000139613 0.000276108 0.000406435 0.000527682 0.000637142 0.00073237 0.000811237 0.000871983 0.00091325 0.000934117 0.000934117 0.00091325 0.000871983 0.000811237 0.00073237 0.000637142 0.000527682 0.000406435 0.000276108 0.000139613 9.48451e-05 0.000187571 0.000276108 0.000358476 0.000432837 0.000497529 0.000551107 0.000592374 0.000620409 0.000634584 0.000634584 0.000620409 0.000592374 0.000551107 0.000497529 0.000432837 0.000358476 0.000276108 0.000187571 9.48451e-05 4.79582e-05 9.48451e-05 0.000139613 0.000181263 0.000218863 0.000251574 0.000278666 0.000299533 0.000313708 0.000320876 0.000320876 0.000313708 0.000299533 0.000278666 0.000251574 0.000218863 0.000181263 0.000139613 9.48451e-05 4.79582e-05 
