4.65235e-05 9.20077e-05 0.000135437 0.00017584 0.000212316 0.000244048 0.000270329 0.000290572 0.000304323 0.000311277 0.000311277 0.000304323 0.000290572 0.000270329 0.000244048 0.000212316 0.00017584 0.000135437 9.20077e-05 4.65235e-05 9.20077e-05 0.00018196 0.000267848 0.000347752 0.000419888 0.000482645 0.00053462 0.000574653 0.000601849 0.0006156 0.0006156 0.000601849 0.000574653 0.00053462 0.000482645 0.000419888 0.000347752 0.000267848 0.00018196 9.20077e-05 0.000135437 0.000267848 0.000394276 0.000511896 0.000618082 0.00071046 0.000786968 0.000845897 0.00088593 0.000906172 0.000906172 0.00088593 0.000845897 0.000786968 0.00071046 0.000618082 0.000511896 0.000394276 0.000267848 0.000135437 0.00017584 0.000347752 0.000511896 0.000664605 0.000802468 0.000922405 0.00102174 0.00109825 0.00115022 0.0011765 0.0011765 0.00115022 0.00109825 0.00102174 0.000922405 0.000802468 0.000664605 0.000511896 0.000347752 0.00017584 0.000212316 0.000419888 0.000618082 0.000802468 0.000968929 0.00111374 0.00123368 0.00132606 0.00138882 0.00142055 0.00142055 0.00138882 0.00132606 0.00123368 0.00111374 0.000968929 0.000802468 0.000618082 0.000419888 0.000212316 0.000244048 0.000482645 0.00071046 0.000922405 0.00111374 0.00128021 0.00141807 0.00152425 0.00159639 0.00163287 0.00163287 0.00159639 0.00152425 0.00141807 0.00128021 0.00111374 0.000922405 0.00071046 0.000482645 0.000244048 0.000270329 0.00053462 0.000786968 0.00102174 0.00123368 0.00141807 0.00157078 0.0016884 0.0017683 0.00180871 0.00180871 0.0017683 0.0016884 0.00157078 0.00141807 0.00123368 0.00102174 0.000786968 0.00053462 0.000270329 0.000290572 0.000574653 0.000845897 0.00109825 0.00132606 0.00152425 0.0016884 0.00181483 0.00190071 0.00194414 0.00194414 0.00190071 0.00181483 0.0016884 0.00152425 0.00132606 0.00109825 0.000845897 0.000574653 0.000290572 0.000304323 0.000601849 0.00088593 0.00115022 0.00138882 0.00159639 0.0017683 0.00190071 0.00199067 0.00203615 0.00203615 0.00199067 0.00190071 0.0017683 0.00159639 0.00138882 0.00115022 0.00088593 0.000601849 0.000304323 0.000311277 0.0006156 0.000906172 0.0011765 0.00142055 0.00163287 0.00180871 0.00194414 0.00203615 0.00208267 0.00208267 0.00203615 0.00194414 0.00180871 0.00163287 0.00142055 0.0011765 0.000906172 0.0006156 0.000311277 0.000311277 0.0006156 0.000906172 0.0011765 0.00142055 0.00163287 0.00180871 0.00194414 0.00203615 0.00208267 0.00208267 0.00203615 0.00194414 0.00180871 0.00163287 0.00142055 0.0011765 0.000906172 0.0006156 0.000311277 0.000304323 0.000601849 0.00088593 0.00115022 0.00138882 0.00159639 0.0017683 0.00190071 0.00199067 0.00203615 0.00203615 0.00199067 0.00190071 0.0017683 0.00159639 0.00138882 0.00115022 0.00088593 0.000601849 0.000304323 0.000290572 0.000574653 0.000845897 0.00109825 0.00132606 0.00152425 0.0016884 0.00181483 0.00190071 0.00194414 0.00194414 0.00190071 0.00181483 0.0016884 0.00152425 0.00132606 0.00109825 0.000845897 0.000574653 0.000290572 0.000270329 0.00053462 0.000786968 0.00102174 0.00123368 0.00141807 0.00157078 0.0016884 0.0017683 0.00180871 0.00180871 0.0017683 0.0016884 0.00157078 0.00141807 0.00123368 0.00102174 0.000786968 0.00053462 0.000270329 0.000244048 0.000482645 0.00071046 0.000922405 0.00111374 0.00128021 0.00141807 0.00152425 0.00159639 0.00163287 0.00163287 0.00159639 0.00152425 0.00141807 0.00128021 0.00111374 0.000922405 0.00071046 0.000482645 0.000244048 0.000212316 0.000419888 0.000618082 0.000802468 0.000968929 0.00111374 0.00123368 0.00132606 0.00138882 0.00142055 0.00142055 0.00138882 0.00132606 0.00123368 0.00111374 0.000968929 0.000802468 0.000618082 0.000419888 0.000212316 0.00017584 0.000347752 0.000511896 0.000664605 0.000802468 0.000922405 0.00102174 0.00109825 0.00115022 0.0011765 0.0011765 0.00115022 0.00109825 0.00102174 0.000922405 0.000802468 0.000664605 0.000511896 0.000347752 0.00017584 0.000135437 0.000267848 0.000394276 0.000511896 0.000618082 0.00071046 0.000786968 0.000845897 0.00088593 0.000906172 0.000906172 0.00088593 0.000845897 0.000786968 0.00071046 0.000618082 0.000511896 0.000394276 0.000267848 0.000135437 9.20077e-05 0.00018196 0.000267848 0.000347752 0.000419888 0.000482645 0.00053462 0.000574653 0.000601849 0.0006156 0.0006156 0.000601849 0.000574653 0.00053462 0.000482645 0.000419888 0.000347752 0.000267848 0.00018196 9.20077e-05 4.65235e-05 9.20077e-05 0.000135437 0.00017584 0.000212316 0.000244048 0.000270329 0.000290572 0.000304323 0.000311277 0.000311277 0.000304323 0.000290572 0.000270329 0.000244048 0.000212316 0.00017584 0.000135437 9.20077e-05 4.65235e-05 
